-2143352486 -2133760035 -2126826225 -2118557641 -2106678632 -2095899649 -2054467326 -2018950686 -1992772339 -1988694860 -1975086798 
-1972951877 -1952151896 -1914365983 -1901564977 -1845937696 -1827607944 -1810904296 -1784099771 -1752565936 -1724976727 
-1710278175 -1687001371 -1670510218 -1667289592 -1646782350 -1625859404 -1609200613 -1543919325 -1540536185 -1414298278 
-1409572333 -1381824850 -1376776106 -1316385225 -1292375340 -1252692960 -1246045158 -1242741345 -1210604159 -1204670214 
-1192677146 -1177959789 -1174277267 -1160002824 -1104398667 -1099391432 -1094707807 -1069249391 -1057373607 -1052167506 
-1046346551 -1044238876 -1036371994 -1034870619 -1033398195 -1018040094 -1003635455 -1001308664 -949742385 -945570458 
-900523430 -877730774 -870580368 -861153283 -815265206 -813957700 -812537704 -795935873 -761966231 -759731075 
-750409069 -728724728 -720228451 -714905305 -711848458 -675252096 -663784143 -649379852 -642744622 -632921957 
-619184539 -617119327 -586214729 -585382811 -583344729 -577975609 -550813299 -538418205 -537479859 -528612712 
-514002490 -499390577 -479574593 -474668671 -468482679 -455129127 -449997100 -443470328 -443403303 -437616885 
-403129934 -400839985 -389295531 -384011155 -356797519 -354508690 -352211456 -282501032 -280451709 -249008376 
-246764676 -216131003 -214168964 -213175316 -206144785 -188730417 -183924489 -182816832 -152132831 -128202746 
-116326747 -103529909 -24332860 16508677 28842292 41847368 47322469 74723106 78671381 97115056 
168776040 168921915 175011570 190558993 204303850 204566002 205326105 219369521 221002729 246747606 
263780455 287829131 296469536 313851800 340518698 355840069 360337384 402322159 403608346 405293651 
411445424 414296537 427614383 435142999 467125707 483594071 486267224 488801713 515346854 524850623 
538771656 549414645 549899531 617207894 618274327 637658117 664791795 745808444 752982085 756854748 
818015982 819281187 832520764 860728438 879877371 881871064 886429639 892533021 908707517 939097299 
980221155 988872456 1030750267 1051192012 1084815360 1086864669 1093311134 1094221183 1099723229 1124098392 
1138380604 1155682016 1179283087 1201158647 1234635685 1245895196 1250891628 1285323508 1285534665 1293967430 
1297334153 1326198475 1330595139 1345856230 1363573290 1389055047 1402345072 1405429233 1426649617 1433408276 
1438827220 1464331191 1490613135 1545706146 1552795889 1566328167 1566766103 1581772318 1591341047 1599314237 
1613780753 1634536515 1642153968 1644697561 1650818722 1653098346 1677722513 1691226647 1696963901 1706257561 
1711649759 1738685902 1741327893 1742952988 1775095361 1778622572 1790798032 1812410516 1842908641 1845125637 
1876090897 1884897531 1927086492 1945228596 1948876651 1949074672 1992565677 1994496256 2020783999 2034199770 
2047541752 2048590882 2061715739 2085010332 2098186534 2135877298 